387.000000
385.000000
224.000000
225.000000
369.000000
399.000000
77.000000
207.000000
412.000000
472.000000
54.000000
214.000000
145.000000
249.000000
121.000000
285.000000
104.000000
465.000000
439.000000
505.000000
103.000000
261.000000
67.000000
167.000000
91.000000
479.000000
401.000000
497.000000
358.000000
252.000000
227.000000
89.000000
324.000000
377.000000
282.000000
352.000000
5.000000
151.000000
336.000000
169.000000
134.000000
101.000000
419.000000
365.000000
508.000000
362.000000
371.000000
38.000000
143.000000
361.000000
222.000000
491.000000
177.000000
22.000000
432.000000
468.000000
2.000000
248.000000
204.000000
294.000000
455.000000
36.000000
111.000000
478.000000
480.000000
243.000000
453.000000
318.000000
475.000000
0.000000
49.000000
68.000000
396.000000
492.000000
93.000000
446.000000
74.000000
153.000000
428.000000
194.000000
198.000000
284.000000
149.000000
287.000000
338.000000
308.000000
433.000000
160.000000
14.000000
196.000000
163.000000
406.000000
27.000000
470.000000
511.000000
356.000000
211.000000
23.000000
408.000000
115.000000
82.000000
79.000000
41.000000
438.000000
218.000000
114.000000
61.000000
65.000000
220.000000
237.000000
483.000000
95.000000
59.000000
62.000000
464.000000
192.000000
87.000000
187.000000
105.000000
63.000000
337.000000
1.000000
123.000000
339.000000
471.000000
25.000000
122.000000
175.000000
161.000000
226.000000
235.000000
414.000000
286.000000
506.000000
466.000000
504.000000
30.000000
402.000000
165.000000
340.000000
267.000000
411.000000
81.000000
467.000000
355.000000
473.000000
131.000000
56.000000
415.000000
279.000000
498.000000
417.000000
398.000000
137.000000
429.000000
155.000000
260.000000
156.000000
229.000000
126.000000
12.000000
360.000000
354.000000
349.000000
379.000000
288.000000
239.000000
195.000000
426.000000
97.000000
183.000000
363.000000
502.000000
42.000000
312.000000
442.000000
420.000000
48.000000
486.000000
421.000000
39.000000
257.000000
43.000000
219.000000
51.000000
488.000000
389.000000
400.000000
501.000000
88.000000
374.000000
440.000000
108.000000
7.000000
18.000000
484.000000
292.000000
164.000000
388.000000
476.000000
